0.713, -0.345, -9.441
-0.245, 1.684, 2.795
1.388, -0.395, -6.032
1.556, -1.351, 1.558
-1.162, -0.213, 2.496
0.551, -1.755, -8.257
-1.324, 0.378, -2.987
0.583, 1.945, 12.939
0.555, -0.699, -0.956
-1.677, -1.557, 3.030
-0.380, 1.441, -1.551
1.791, 0.989, 18.404
0.720, -0.448, -1.035
-1.806, -1.740, 4.014
-1.032, -0.812, -0.965
0.807, 0.350, 7.762
0.640, -0.481, -4.853
1.351, -1.184, -3.581
1.946, -1.621, 2.995
-0.966, -0.359, 3.050
1.968, 1.117, 16.821
-1.333, -1.572, -1.944
-0.459, -0.212, 1.010
-0.428, -1.572, 2.350
-0.794, -0.130, 0.026
-0.767, 1.454, 3.114
-1.282, 0.355, 2.638
-1.694, -1.632, -0.658
-0.710, 0.689, 2.081
0.625, 1.778, 9.203
-1.985, 0.322, -4.874
0.165, -1.979, -10.028
1.406, 0.115, 1.929
-0.372, -0.734, -0.679
-1.228, 1.519, 6.544
-1.545, 1.438, -0.634
-1.124, -0.721, 2.767
-0.940, -0.472, 3.329
0.554, 0.862, 1.113
0.783, 1.984, 18.295
1.136, -0.351, -0.458
1.154, -1.928, -7.285
-1.237, -1.575, 5.447
-0.432, -1.908, -2.758
0.903, 0.910, 4.909
1.453, 1.722, 18.690
-0.388, 1.373, 5.704
-0.947, 0.836, -5.218
0.540, 0.076, -2.007
-1.814, -1.563, -0.014
-1.422, 0.534, -4.075
0.681, 1.042, 1.780
1.407, -0.638, 3.534
1.870, -1.490, 2.103
1.092, -1.367, -6.151
-1.756, 0.403, -8.376
-0.547, -1.279, 2.728
-1.487, 1.655, 3.639
1.235, -1.470, -4.373
1.820, 1.750, 22.528
-1.899, -0.268, -5.061
-1.848, -0.241, -4.599
-1.604, 0.299, -0.949
1.914, -1.427, 7.304
-1.851, -0.515, -0.139
1.203, -1.763, -4.112
0.875, -0.954, 2.147
-0.151, -0.094, -2.105
1.994, -0.618, 6.706
-1.290, 0.187, -6.244
1.900, 0.780, 14.142
-1.877, -0.443, -2.057
-0.086, -1.219, 2.159
0.085, 0.585, 2.876
-0.305, -1.600, -5.817
-0.727, 1.229, -1.186
-0.850, -1.735, -2.001
1.945, 1.740, 27.159
1.313, -0.039, 10.577
-0.210, -1.919, -7.279
-0.224, -0.522, -0.498
1.298, 0.360, 6.372
0.089, -0.476, 2.095
-0.750, 1.985, 6.249
-0.293, -0.138, -0.274
-1.236, 0.759, -2.983
1.037, 0.762, 0.946
0.178, 0.175, -4.067
1.081, -1.249, 1.221
-1.185, -0.193, 2.815
-1.547, 1.423, -5.998
-0.491, 0.599, 1.092
1.570, -1.709, -2.653
1.731, 0.171, 4.199
1.081, -0.014, -3.100
0.378, 1.204, 2.170
-1.481, -0.132, -4.116
0.151, -1.426, -3.540
-0.821, -1.057, 0.176
1.464, -1.022, -1.410
-1.078, -0.337, 0.169
-0.111, 0.074, -0.287
-1.414, -1.023, -0.285
0.954, 0.455, 0.419
-0.434, -1.543, 0.904
1.771, -1.403, -0.128
1.164, -0.023, -0.330
0.873, -0.541, -4.772
-0.856, 0.952, -0.856
-0.794, -0.458, -1.489
-0.633, 0.442, -0.571
0.732, 0.275, -3.622
0.559, 0.295, -1.008
1.728, 1.977, 26.632
0.846, 0.709, 6.549
1.344, 0.630, 7.851
0.835, -1.316, -1.617
-0.851, 0.629, -5.672
-0.914, 0.900, -1.514
0.834, 0.249, 0.422
0.343, -0.814, -2.800
-0.276, 1.986, 4.480
1.674, -0.096, 5.217
1.852, 1.762, 22.659
1.106, 1.647, 5.411
1.836, -1.766, -2.936
-0.827, 0.442, -2.125
0.189, 1.780, 9.144
-1.181, -0.342, -1.085
-1.114, 1.116, 1.518
0.589, 1.479, 5.913
-1.085, -0.902, 0.193
1.045, -0.934, -4.077
-0.738, 0.485, 2.146
0.996, 1.161, 10.629
0.016, -0.724, -0.389
0.690, 0.073, -1.356
-1.188, -0.460, 0.705
1.639, 0.903, 11.570
1.488, 1.327, 21.069
1.632, 1.077, 8.687
-1.691, 1.989, 1.841
-0.102, 0.984, -2.111
-0.755, -0.417, -0.722
1.967, -0.313, 6.230
0.593, 0.164, 3.036
1.572, -0.920, -0.854
-0.942, -1.624, -0.323
-0.648, -1.512, -5.672
0.878, -1.623, -4.658
-1.563, -0.653, 3.013
-0.077, -0.623, 1.451
0.042, 1.245, 2.482
-0.338, 1.462, 3.311
0.174, 1.633, 5.375
1.743, -1.980, -1.593
0.574, -1.885, -6.235
0.730, 0.946, 1.125
-0.232, -1.551, 1.826
-1.313, -1.756, 1.258
1.631, 1.822, 20.961
-0.762, 0.681, 5.616
-1.870, -0.211, 1.606
1.574, 2.000, 27.389
0.880, 1.926, 12.995
-0.469, -0.153, 5.122
0.245, -1.956, -5.183
0.762, 0.162, 2.488
1.273, 0.711, 3.882
-0.253, 0.684, -4.710
1.064, -1.516, -0.647
-1.817, -1.885, 0.405
0.359, -0.282, -2.844
-1.929, -1.243, 4.697
-0.897, -0.880, 0.498
-1.404, -0.243, 2.034
0.203, -1.657, -4.614
1.654, -0.933, -2.402
-1.349, -1.553, 4.027
-1.268, -0.302, 1.650
1.372, -1.796, -6.706
-0.550, -0.163, -0.101
-1.925, -1.900, 2.237
-0.653, 0.261, -3.537
1.707, 0.911, 11.156
0.180, 0.681, 1.633
-0.667, -0.466, -3.705
-0.300, -1.622, -2.598
-1.930, -1.080, 2.559
-1.338, 0.880, -3.799
0.876, -0.764, 2.593
-1.511, -0.538, 3.701
1.788, -1.535, -2.097
1.108, 0.917, 2.370
-1.621, -0.166, 0.878
-0.731, -0.572, 4.746
1.408, -0.146, -0.732
0.831, 1.502, 7.205
0.353, -0.380, 5.848
1.878, -0.358, 6.260
0.216, 0.243, -1.885
-0.264, -0.194, 0.474
-0.456, -0.290, 2.894
-0.192, -1.039, -3.301
-1.069, -0.920, -0.615
-1.713, -0.564, 0.339
1.603, -1.425, -1.135
1.860, -0.879, 4.697
1.926, -0.858, 7.960
0.770, -0.378, 0.155
-0.424, -1.400, 0.457
0.478, 1.114, -2.473
-1.859, -1.734, -2.388
1.414, -1.774, -8.918
-1.683, 1.697, -6.922
-1.644, 0.484, -3.379
0.819, 1.667, 9.585
1.690, -0.128, 8.169
1.144, 0.996, 11.252
1.235, -1.151, -3.041
-0.638, -1.005, -2.516
-0.345, 1.004, 1.083
1.300, -0.524, 1.727
1.385, 1.559, 13.381
1.304, 1.417, 7.398
1.271, 0.231, 1.658
0.680, -1.748, -7.150
-1.326, -1.939, -1.929
0.772, -0.691, -0.582
-1.456, -1.366, 7.754
0.489, -1.755, -2.537
-0.185, -1.817, -6.047
1.552, 0.830, 6.600
0.678, -0.746, 0.902
1.248, -1.490, -2.598
-1.996, -1.905, 0.914
-1.895, 0.487, -5.161
1.789, -0.653, 7.443
1.394, 1.748, 20.323
-1.302, 1.176, 2.980
0.969, -0.039, 3.908
0.662, -0.616, -2.369
-0.636, 1.717, 1.104
-0.452, 1.489, 5.087
-0.860, 0.856, -2.887
1.209, 0.710, 7.722
0.359, -0.228, 3.667
1.959, 0.685, 11.864
1.957, -1.211, 8.506
-0.126, -0.075, -0.574
